1
2
3
4
5
7
7
9
14
19
20
21
22
23
21
21
23
23
27
33
32
22
23
36
39
34
43
44
35
28
30
32
26
25
24
31
36
37
36
33
31
32
35
25
19
26
32
32
34
35
32
30
32
34
25
20
25
30
30
32
34
32
30
32
34
25
20
25
30
30
32
34
32
30
32
34
25
20
25
30
30
32
34
32
30
32
34
25
20
25
30
30
32
34
32
30
32
34
25
20
25
30
30
32
34
32
30
32
34
25
20
25
30
30
32
34
32
30
32
34
25
20
25
30
30
32
34
32
30
32
34
25
20
25
30
30
32
34
32
30
32
34
25
20
25
30
30
32
34
32
30
32
34
25
20
25
30
30
32
34
32
30
32
34
25
20
25
30
30
32
34
32
30
32
34
25
20
25
30
30
32
34
32
30
32
34
25
20
25
30
30
32
34
32
30
32
34
25
20
25
30
30
32
34
32
30
32
34
25
20
25
30
30
32
34
32
30
32
34
25
20
25
30
30
32
34
32
30
32
34
25
20
25
30
30
32
34
32
30
32
34
25
20
25
30
30
32
34
32
30
32
34
25
20
25
30
30
32
34
32
30
32
34
25
20
25
30
30
32
34
32
30
32
34
25
20
25
30
30
32
34
32
30
32
34
25
20
25
30
30
32
34
32
30
32
34
25
20
25
30
30
32
34
32
30
32
34
25
20
25
30
30
32
34
32
30
32
34
25
20
25
30
30
32
34
32
30
32
34
25
20
25
30
30
32
34
32
30
32
34
25
20
25
30
30
32
34
32
30
32
34
25
20
25
30
30
32
34
32
30
32
34
25
20
25
30
30
32
34
32
30
32
34
25
20
25
30
30
32
34
32
30
32
34
25
20
25
30
30
32
34
32
30
32
34
25
20
25
30
30
32
34
32
30
32
34
25
20
25
30
30
32
34
32
30
32
34
25
20
25
30
30
32
34
32
30
32
34
25
20
25
30
30
32
34
32
30
32
34
25
20
25
30
30
32
34
32
30
32
34
25
20
25
30
30
32
34
32
30
32
34
25
20
25
30
30
32
34
32
30
32
34
25
20
25
30
30
32
34
32
30
32
34
25
20
25
30
30
32
34
32
30
32
34
25
20
25
30
30
32
34
32
30
32
34
25
20
25
30
30
32
34
32
30
32
34
25
20
25
30
30
32
34
32
30
32
34
25
20
25
30
30
32
34
32
30
32
34
25
20
25
30
30
32
34
32
30
32
34
25
20
25
30
30
32
34
32
30
32
34
25
20
25
30
30
32
34
32
30
32
34
25
20
25
30
30
32
34
32
30
32
34
25
20
25
30
30
32
34
32
30
32
34
25
20
25
30
30
32
34
32
30
32
34
25
20
25
30
30
32
34
32
30
32
34
25
20
25
30
30
32
34
32
30
32
34
25
20
25
30
30
32
34
32
30
32
34
25
20
25
30
30
32
34
32
30
32
34
25
20
25
30
30
32
34
32
30
32
34
25
20
25
30
30
32
34
32
30
32
34
25
20
25
30
30
32
34
32
30
32
34
25
20
25
30
30
32
34
32
30
32
34
25
20
25
30
30
32
34
32
30
32
34
25
20
25
30
30
32
34
32
30
32
34
25
20
25
30
30
32
34
32
30
32
34
25
20
25
30
30
32
34
32
30
32
34
25
20
25
30
30
32
34
32
30
32
34
25
20
25
30
30
32
34
32
30
32
34
25
20
25
30
30
32
34
32
30
32
34
25
20
25
30
30
32
34
32
30
32
34
25
20
25
30
30
32
34
32
30
32
34
25
20
25
30
30
32
34
32
30
32
34
25
20
25
30
30
32
34
32
30
32
34
25
20
25
30
30
32
34
32
30
32
34
25
20
25
30
30
32
34
32
30
32
34
25
20
25
30
30
32
34
32
30
32
34
25
20
25
30
30
32
34
32
30
32
34
25
20
25
30
30
32
34
32
30
32
34
25
20
25
30
30
32
34
32
30
32
34
25
20
25
30
30
32
34
32
30
32
34
25
20
25
30
30
32
34
32
30
32
34
25
20
25
30
30
32
34
32
30
32
34
25
20
25
30
30
32
34
32
30
32
34
25
20
25
30
30
32
34
32
30
32
34
25
20
25
30
30
32
34
32
30
32
34
25
20
25
30
30
32
34
32
30
32
34
25
20
25
30
30
32
34
32
30
32
34
25
20
25
30
30
32
34
32
30
32
34
25
20
25
30
30
32
34
32
30
32
34
25
20
25
30
30
32
34
32
30
32
34
25
